start_time:  2015-04-11 14:38:04.276886
IO_end_time:  2015-04-11 14:38:19.862277
The word " ash " appeared  17454 time(s) in the file
Top 10 users:  [('calum5sos', 217584), ('luke5sos', 142638), ('5sos', 141968), ('michael5sos', 139508), ('ashton5sos', 138978), ('itunesfestival', 6520), ('bbcr1', 5173), ('johnfeldy', 3638), ('onedirection', 3209), ('mtv', 2470)]
Top 10 topics:  [('vote5sos', 18253), ('5sosgoodgirls', 9760), ('auspol', 5516), ('amnesiamusicvideo', 4094), ('photography', 3953), ('5sosninjas', 3882), ('5sosfam', 2967), ('socialmedia', 2417), ('vmas', 2231), ('directioner', 2149)]
end_time:  2015-04-11 15:06:00.827685
IO_time:  0:00:15.585391
total_time:  0:27:56.550799
