start_time:  2015-04-11 14:21:20.929919
IO_end_time:  2015-04-11 14:21:38.504621
