Will count the word :" ash "
start_time:  2015-04-11 16:31:39.282022
IO_end_time:  2015-04-11 16:35:54.901109
