Will count the word :" ash "
start_time:  2015-04-11 17:23:19.298916
IO_end_time:  2015-04-11 17:27:38.898353
